0 0 0 0 1 0
0 0 1 0 1 0
0 0 2 0 1 0
0 0 3 0 1 0
0 0 4 0 1 0
0 0 5 0 1 0
0 0 6 0 1 0
0 0 7 0 1 0
0 0 8 0 1 0
0 0 9 0 1 0
0 0 10 0 1 0
0 0 11 0 1 0
0 0 12 0 1 0
0 0 13 0 1 0
0 0 14 0 1 0
0 0 15 0 1 0
0 0 16 0 1 0
0 0 17 0 1 0
0 0 18 0 1 0
0 0 19 0 1 0
1 0 0 0 1 0
1 0 1 0 1 0
1 0 2 0 1 0
1 0 3 0 1 0
1 0 4 0 1 0
1 0 5 0 1 0
1 0 6 0 1 0
1 0 7 0 1 0
1 0 8 0 1 0
1 0 9 0 1 0
1 0 10 0 1 0
1 0 11 0 1 0
1 0 12 0 1 0
1 0 13 0 1 0
1 0 14 0 1 0
1 0 15 0 1 0
1 0 16 0 1 0
1 0 17 0 1 0
1 0 18 0 1 0
1 0 19 0 1 0
2 0 0 0 1 0
2 0 1 0 1 0
2 0 2 0 1 0
2 0 3 0 1 0
2 0 4 0 1 0
2 0 5 0 1 0
2 0 6 0 1 0
2 0 7 0 1 0
2 0 8 0 1 0
2 0 9 0 1 0
2 0 10 0 1 0
2 0 11 0 1 0
2 0 12 0 1 0
2 0 13 0 1 0
2 0 14 0 1 0
2 0 15 0 1 0
2 0 16 0 1 0
2 0 17 0 1 0
2 0 18 0 1 0
2 0 19 0 1 0
3 0 0 0 1 0
3 0 1 0 1 0
3 0 2 0 1 0
3 0 3 0 1 0
3 0 4 0 1 0
3 0 5 0 1 0
3 0 6 0 1 0
3 0 8 0 1 0
3 0 9 0 1 0
3 0 10 0 1 0
3 0 11 0 1 0
3 0 12 0 1 0
3 0 13 0 1 0
3 0 14 0 1 0
3 0 15 0 1 0
3 0 16 0 1 0
3 0 17 0 1 0
3 0 18 0 1 0
3 0 19 0 1 0
4 0 0 0 1 0
4 0 1 0 1 0
4 0 2 0 1 0
4 0 3 0 1 0
4 0 4 0 1 0
4 0 5 0 1 0
4 0 6 0 1 0
4 0 7 0 1 0
4 0 10 0 1 0
4 0 11 0 1 0
4 0 12 0 1 0
4 0 13 0 1 0
4 0 14 0 1 0
4 0 15 0 1 0
4 0 16 0 1 0
4 0 17 0 1 0
4 0 18 0 1 0
4 0 19 0 1 0
5 0 0 0 1 0
5 0 1 0 1 0
5 0 2 0 1 0
5 0 3 0 1 0
5 0 4 0 1 0
5 0 5 0 1 0
5 0 6 0 1 0
5 0 7 0 1 0
5 0 8 0 1 0
5 0 10 0 1 0
5 0 12 0 1 0
5 0 13 0 1 0
5 0 14 0 1 0
5 0 15 0 1 0
5 0 16 0 1 0
5 0 17 0 1 0
5 0 18 0 1 0
5 0 19 0 1 0
6 0 0 0 1 0
6 0 1 0 1 0
6 0 2 0 1 0
6 0 3 0 1 0
6 0 4 0 1 0
6 0 5 0 1 0
6 0 6 0 1 0
6 0 7 0 1 0
6 0 9 0 1 0
6 0 11 0 1 0
6 0 13 0 1 0
6 0 14 0 1 0
6 0 15 0 1 0
6 0 16 0 1 0
6 0 17 0 1 0
6 0 18 0 1 0
6 0 19 0 1 0
7 0 0 0 1 0
7 0 1 0 1 0
7 0 2 0 1 0
7 0 3 0 1 0
7 0 4 0 1 0
7 0 5 0 1 0
7 0 6 0 1 0
7 0 7 0 1 0
7 0 8 0 1 0
7 0 9 0 1 0
7 0 11 0 1 0
7 0 13 0 1 0
7 0 14 0 1 0
7 0 15 0 1 0
7 0 16 0 1 0
7 0 17 0 1 0
7 0 18 0 1 0
7 0 19 0 1 0
8 0 0 0 1 0
8 0 1 0 1 0
8 0 2 0 1 0
8 0 3 0 1 0
8 0 4 0 1 0
8 0 5 0 1 0
8 0 6 0 1 0
8 0 7 0 1 0
8 0 8 0 1 0
8 0 9 0 1 0
8 0 10 0 1 0
8 0 13 0 1 0
8 0 14 0 1 0
8 0 15 0 1 0
8 0 16 0 1 0
8 0 17 0 1 0
8 0 18 0 1 0
8 0 19 0 1 0
9 0 0 0 1 0
9 0 1 0 1 0
9 0 2 0 1 0
9 0 3 0 1 0
9 0 4 0 1 0
9 0 5 0 1 0
9 0 6 0 1 0
9 0 7 0 1 0
9 0 8 0 1 0
9 0 9 0 1 0
9 0 10 0 1 0
9 0 11 0 1 0
9 0 13 0 1 0
9 0 14 0 1 0
9 0 15 0 1 0
9 0 16 0 1 0
9 0 17 0 1 0
9 0 18 0 1 0
9 0 19 0 1 0
10 0 0 0 1 0
10 0 1 0 1 0
10 0 2 0 1 0
10 0 3 0 1 0
10 0 4 0 1 0
10 0 5 0 1 0
10 0 6 0 1 0
10 0 7 0 1 0
10 0 8 0 1 0
10 0 9 0 1 0
10 0 10 0 1 0
10 0 11 0 1 0
10 0 12 0 1 0
10 0 13 0 1 0
10 0 14 0 1 0
10 0 15 0 1 0
10 0 16 0 1 0
10 0 17 0 1 0
10 0 18 0 1 0
10 0 19 0 1 0
11 0 0 0 1 0
11 0 1 0 1 0
11 0 2 0 1 0
11 0 3 0 1 0
11 0 4 0 1 0
11 0 5 0 1 0
11 0 6 0 1 0
11 0 7 0 1 0
11 0 8 0 1 0
11 0 9 0 1 0
11 0 10 0 1 0
11 0 11 0 1 0
11 0 12 0 1 0
11 0 13 0 1 0
11 0 14 0 1 0
11 0 15 0 1 0
11 0 16 0 1 0
11 0 17 0 1 0
11 0 18 0 1 0
11 0 19 0 1 0
12 0 0 0 1 0
12 0 1 0 1 0
12 0 2 0 1 0
12 0 3 0 1 0
12 0 4 0 1 0
12 0 5 0 1 0
12 0 6 0 1 0
12 0 7 0 1 0
12 0 8 0 1 0
12 0 9 0 1 0
12 0 10 0 1 0
12 0 11 0 1 0
12 0 12 0 1 0
12 0 13 0 1 0
12 0 14 0 1 0
12 0 15 0 1 0
12 0 16 0 1 0
12 0 17 0 1 0
12 0 18 0 1 0
12 0 19 0 1 0
13 0 0 0 1 0
13 0 1 0 1 0
13 0 2 0 1 0
13 0 3 0 1 0
13 0 4 0 1 0
13 0 5 0 1 0
13 0 6 0 1 0
13 0 7 0 1 0
13 0 8 0 1 0
13 0 9 0 1 0
13 0 10 0 1 0
13 0 11 0 1 0
13 0 12 0 1 0
13 0 13 0 1 0
13 0 14 0 1 0
13 0 15 0 1 0
13 0 16 0 1 0
13 0 17 0 1 0
13 0 18 0 1 0
13 0 19 0 1 0
14 0 0 0 1 0
14 0 1 0 1 0
14 0 2 0 1 0
14 0 3 0 1 0
14 0 4 0 1 0
14 0 5 0 1 0
14 0 6 0 1 0
14 0 7 0 1 0
14 0 8 0 1 0
14 0 9 0 1 0
14 0 10 0 1 0
14 0 11 0 1 0
14 0 12 0 1 0
14 0 13 0 1 0
14 0 14 0 1 0
14 0 15 0 1 0
14 0 16 0 1 0
14 0 17 0 1 0
14 0 18 0 1 0
14 0 19 0 1 0
15 0 0 0 1 0
15 0 1 0 1 0
15 0 2 0 1 0
15 0 3 0 1 0
15 0 4 0 1 0
15 0 5 0 1 0
15 0 6 0 1 0
15 0 7 0 1 0
15 0 8 0 1 0
15 0 9 0 1 0
15 0 10 0 1 0
15 0 11 0 1 0
15 0 12 0 1 0
15 0 13 0 1 0
15 0 14 0 1 0
15 0 15 0 1 0
15 0 16 0 1 0
15 0 17 0 1 0
15 0 18 0 1 0
15 0 19 0 1 0
16 0 0 0 1 0
16 0 1 0 1 0
16 0 2 0 1 0
16 0 3 0 1 0
16 0 4 0 1 0
16 0 5 0 1 0
16 0 6 0 1 0
16 0 7 0 1 0
16 0 8 0 1 0
16 0 9 0 1 0
16 0 10 0 1 0
16 0 11 0 1 0
16 0 12 0 1 0
16 0 13 0 1 0
16 0 14 0 1 0
16 0 15 0 1 0
16 0 16 0 1 0
16 0 17 0 1 0
16 0 18 0 1 0
16 0 19 0 1 0
17 0 0 0 1 0
17 0 1 0 1 0
17 0 2 0 1 0
17 0 3 0 1 0
17 0 4 0 1 0
17 0 5 0 1 0
17 0 6 0 1 0
17 0 7 0 1 0
17 0 8 0 1 0
17 0 9 0 1 0
17 0 10 0 1 0
17 0 11 0 1 0
17 0 12 0 1 0
17 0 13 0 1 0
17 0 14 0 1 0
17 0 15 0 1 0
17 0 16 0 1 0
17 0 17 0 1 0
17 0 18 0 1 0
17 0 19 0 1 0
18 0 0 0 1 0
18 0 1 0 1 0
18 0 2 0 1 0
18 0 3 0 1 0
18 0 4 0 1 0
18 0 5 0 1 0
18 0 6 0 1 0
18 0 7 0 1 0
18 0 8 0 1 0
18 0 9 0 1 0
18 0 10 0 1 0
18 0 11 0 1 0
18 0 12 0 1 0
18 0 13 0 1 0
18 0 14 0 1 0
18 0 15 0 1 0
18 0 16 0 1 0
18 0 17 0 1 0
18 0 18 0 1 0
18 0 19 0 1 0
19 0 0 0 1 0
19 0 1 0 1 0
19 0 2 0 1 0
19 0 3 0 1 0
19 0 4 0 1 0
19 0 5 0 1 0
19 0 6 0 1 0
19 0 7 0 1 0
19 0 8 0 1 0
19 0 9 0 1 0
19 0 10 0 1 0
19 0 11 0 1 0
19 0 12 0 1 0
19 0 13 0 1 0
19 0 14 0 1 0
19 0 15 0 1 0
19 0 16 0 1 0
19 0 17 0 1 0
19 0 18 0 1 0
19 0 19 0 1 0
9 1 7 0.2 0.07 0
9 2 7 0.2 0.07 0
9 3 7 0.2 0.07 0
9 4 7 0.2 0.07 0
9 5 7 0.2 0.07 0
9 5 6 0 0.2 0
9 6 7 0 0.2 0
9 6 6 0 0.2 0
8 5 7 0 0.2 0
8 5 6 0 0.2 0
8 6 6 0 0.2 0
8 6 7 0 0.2 0
8 6 8 0 0.2 0
8 5 8 0 0.2 0
9 6 8 0 0.2 0
9 5 8 0 0.2 0
10 5 8 0 0.2 0
10 6 8 0 0.2 0
10 5 6 0 0.2 0
10 6 6 0 0.2 0
10 6 7 0 0.2 0
10 5 7 0 0.2 0
9 4 8 0 0.2 0
10 4 7 0 0.2 0
8 4 7 0 0.2 0
9 4 6 0 0.2 0
9 7 7 0 0.2 0
9 7 8 0 0.2 0
10 7 7 0 0.2 0
9 7 6 0 0.2 0
10 7 6 0 0.2 0
9 8 7 0 0.2 0
3 1 14 0.2 0.07 0
3 2 14 0.2 0.07 0
3 3 14 0.2 0.07 0
3 3 13 1 1 0.1
3 4 14 1 1 0.1
2 3 14 1 1 0.1
4 3 14 1 1 0.1
3 3 15 1 1 0.1
3 4 15 1 1 0.1
4 4 14 1 1 0.1
2 4 14 1 1 0.1
3 4 13 1 1 0.1
3 5 14 1 1 0.1
3 0 7 1 0 0
4 0 8 1 0 0
4 0 9 1 0 0
5 0 9 1 0 0
6 0 8 1 0 0
6 0 10 1 0 0
5 0 11 1 0 0
7 0 10 1 0 0
7 0 12 1 0 0
6 0 12 1 0 0
8 0 11 1 0 0
16 1 1 0 0 1
15 1 1 0 0 1
16 2 1 0 0 1
15 2 1 0 0 1
14 1 1 0 0 1
14 2 1 0 0 1
13 1 1 0 0 1
12 1 1 0 0 1
11 1 1 0 0 1
16 1 8 0 0 1
16 1 7 0 0 1
16 2 8 0 0 1
16 1 16 1 0.3 1
16 2 16 1 0.3 1
16 3 16 1 0.3 1
16 4 16 1 0.3 1
16 3 15 1 0.3 1
15 3 16 1 0.3 1
16 1 17 1 0.3 1
15 1 16 1 0.3 1
14 1 16 1 0.3 1
13 1 16 1 0.3 1
6 1 3 1 1 1
6 1 2 1 1 1
6 1 4 1 1 1
6 1 1 1 1 1
5 1 1 1 1 1
4 1 1 1 1 1
3 1 1 1 1 1
2 1 1 1 1 1
6 1 5 1 1 1
5 1 5 1 1 1
3 1 5 1 1 1
2 1 5 1 1 1
1 1 5 1 1 1
1 1 4 1 1 1
1 1 3 1 1 1
1 1 2 1 1 1
1 1 1 1 1 1
4 1 3 1 1 1
4 2 3 1 1 1
4 3 3 1 1 1
4 4 3 1 1 1
4 1 5 1 1 1
